#	Label	J.D.-2400000	rel_flux_T1_n	rel_flux_T1	rel_flux_err_T1	rel_flux_err_T1_n
1	coj0m405-kb56-20191218-0112-e91.fits	58836.123794	1.069737	0.064669	0.002167	0.035843
2	coj0m405-kb56-20191218-0113-e91.fits	58836.126279	0.962912	0.058211	0.002042	0.033776
3	coj0m405-kb56-20191218-0114-e91.fits	58836.128764	1.021125	0.061731	0.002168	0.035866
4	coj0m405-kb56-20191218-0115-e91.fits	58836.131249	1.032241	0.062403	0.002116	0.035005
5	coj0m405-kb56-20191218-0116-e91.fits	58836.133735	1.040298	0.062890	0.002314	0.038277
6	coj0m405-kb56-20191218-0117-e91.fits	58836.136219	1.038678	0.062792	0.002396	0.039641
7	coj0m405-kb56-20191218-0118-e91.fits	58836.138702	1.017497	0.061511	0.002462	0.040733
8	coj0m405-kb56-20191218-0119-e91.fits	58836.141186	1.049861	0.063468	0.002477	0.040973
9	coj0m405-kb56-20191218-0120-e91.fits	58836.143698	1.059243	0.064035	0.002417	0.039987
10	coj0m405-kb56-20191218-0121-e91.fits	58836.146181	1.005364	0.060778	0.002481	0.041036
11	coj0m405-kb56-20191220-0305-e91.fits	58838.123832	1.007302	0.060895	0.001885	0.031180
12	coj0m405-kb56-20191220-0306-e91.fits	58838.126317	1.049232	0.063430	0.001750	0.028946
13	coj0m405-kb56-20191220-0307-e91.fits	58838.128801	1.051526	0.063568	0.001841	0.030454
14	coj0m405-kb56-20191220-0308-e91.fits	58838.131285	1.018839	0.061592	0.001838	0.030405
15	coj0m405-kb56-20191220-0309-e91.fits	58838.133770	1.087618	0.065750	0.001858	0.030741
16	coj0m405-kb56-20191220-0310-e91.fits	58838.136258	1.071532	0.064778	0.001839	0.030413
17	coj0m405-kb56-20191220-0311-e91.fits	58838.138746	1.067802	0.064552	0.001842	0.030470
18	coj0m405-kb56-20191220-0312-e91.fits	58838.141230	1.078592	0.065205	0.001848	0.030570
19	coj0m405-kb56-20191220-0313-e91.fits	58838.143749	1.095987	0.066256	0.001864	0.030832
20	coj0m405-kb56-20191220-0314-e91.fits	58838.146236	1.090804	0.065943	0.001766	0.029218
21	coj0m405-kb56-20191221-0348-e91.fits	58839.182318	1.044320	0.063133	0.002793	0.046194
22	coj0m405-kb56-20191221-0349-e91.fits	58839.184856	1.085710	0.065635	0.002741	0.045340
23	coj0m405-kb56-20191221-0350-e91.fits	58839.187388	0.996441	0.060238	0.002566	0.042445
24	coj0m405-kb56-20191221-0351-e91.fits	58839.189927	0.982996	0.059426	0.002575	0.042597
25	coj0m405-kb56-20191221-0352-e91.fits	58839.192446	1.050233	0.063490	0.002558	0.042320
26	coj0m405-kb56-20191221-0353-e91.fits	58839.194977	1.018541	0.061574	0.002734	0.045233
27	coj0m405-kb56-20191221-0354-e91.fits	58839.197518	0.981484	0.059334	0.002718	0.044968
28	coj0m405-kb56-20191221-0355-e91.fits	58839.200043	1.078263	0.065185	0.002688	0.044466
29	coj0m405-kb56-20191221-0356-e91.fits	58839.202579	1.067609	0.064541	0.002787	0.046098
30	coj0m405-kb56-20191221-0357-e91.fits	58839.205118	1.031922	0.062383	0.002644	0.043739
31	coj0m405-kb56-20200103-0096-e91.fits	58852.157968	0.922857	0.055790	0.001604	0.026537
32	coj0m405-kb56-20200103-0097-e91.fits	58852.160455	0.889154	0.053752	0.001553	0.025688
33	coj0m405-kb56-20200103-0098-e91.fits	58852.162940	0.945325	0.057148	0.001603	0.026511
34	coj0m405-kb56-20200103-0099-e91.fits	58852.165426	0.922326	0.055758	0.001559	0.025781
35	coj0m405-kb56-20200103-0100-e91.fits	58852.167908	0.924440	0.055886	0.001630	0.026955
36	coj0m405-kb56-20200103-0101-e91.fits	58852.170395	0.887130	0.053630	0.001660	0.027458
37	coj0m405-kb56-20200103-0102-e91.fits	58852.172879	0.921044	0.055680	0.001670	0.027623
38	coj0m405-kb56-20200103-0103-e91.fits	58852.175368	0.881044	0.053262	0.001673	0.027667
39	coj0m405-kb56-20200103-0104-e91.fits	58852.177852	0.962932	0.058213	0.001765	0.029202
40	coj0m405-kb56-20200103-0105-e91.fits	58852.180345	0.989812	0.059838	0.001709	0.028277
