#	Label	J.D.-2400000	rel_flux_T1_n	rel_flux_T1	rel_flux_err_T1	rel_flux_err_T1_n
1	cpt0m407-kb84-20191216-0094-e91.fits	58834.385589	0.961672	0.054084	0.001735	0.030850
2	cpt0m407-kb84-20191216-0095-e91.fits	58834.388002	0.938342	0.052772	0.001620	0.028803
3	cpt0m407-kb84-20191216-0096-e91.fits	58834.390416	0.946732	0.053244	0.001609	0.028606
4	cpt0m407-kb84-20191216-0097-e91.fits	58834.392830	0.969463	0.054522	0.001608	0.028597
5	cpt0m407-kb84-20191216-0098-e91.fits	58834.395242	0.957438	0.053846	0.001628	0.028948
6	cpt0m407-kb84-20191216-0099-e91.fits	58834.397655	0.969094	0.054502	0.001607	0.028579
7	cpt0m407-kb84-20191216-0100-e91.fits	58834.400068	0.988944	0.055618	0.001428	0.025386
8	cpt0m407-kb84-20191216-0101-e91.fits	58834.402480	0.944985	0.053146	0.001445	0.025696
9	cpt0m407-kb84-20191216-0102-e91.fits	58834.404893	0.962044	0.054105	0.001456	0.025891
10	cpt0m407-kb84-20191216-0103-e91.fits	58834.407306	0.981540	0.055202	0.001480	0.026315
11	cpt0m407-kb84-20191226-0052-e91.fits	58844.450694	1.198161	0.067384	0.001201	0.021346
12	cpt0m407-kb84-20191226-0053-e91.fits	58844.453110	1.211770	0.068150	0.001384	0.024601
13	cpt0m407-kb84-20191226-0054-e91.fits	58844.455524	1.131720	0.063648	0.001418	0.025209
14	cpt0m407-kb84-20191226-0055-e91.fits	58844.457940	1.138399	0.064023	0.001540	0.027385
15	cpt0m407-kb84-20191226-0056-e91.fits	58844.460356	1.147672	0.064545	0.001646	0.029261
16	cpt0m407-kb84-20191226-0057-e91.fits	58844.462770	1.085426	0.061044	0.001775	0.031556
17	cpt0m407-kb84-20191226-0058-e91.fits	58844.465188	1.140425	0.064137	0.001841	0.032742
18	cpt0m407-kb84-20191226-0059-e91.fits	58844.467603	1.149865	0.064668	0.002017	0.035862
19	cpt0m407-kb84-20191226-0060-e91.fits	58844.470018	1.141895	0.064220	0.002050	0.036454
20	cpt0m407-kb84-20191226-0061-e91.fits	58844.472448	1.086725	0.061117	0.001982	0.035246
21	cpt0m407-kb84-20191226-0094-e91.fits	58844.533165	1.077399	0.060593	0.011561	0.205574
22	cpt0m407-kb84-20191226-0095-e91.fits	58844.535579	1.087121	0.061140	0.010200	0.181360
23	cpt0m407-kb84-20191226-0096-e91.fits	58844.537994	1.302082	0.073229	0.010290	0.182968
24	cpt0m407-kb84-20191226-0097-e91.fits	58844.540408	0.962870	0.054152	0.009261	0.164673
25	cpt0m407-kb84-20191226-0098-e91.fits	58844.542829	1.151367	0.064753	0.007435	0.132200
26	cpt0m407-kb84-20191226-0099-e91.fits	58844.545243	0.982642	0.055264	0.006241	0.110969
27	cpt0m407-kb84-20191226-0100-e91.fits	58844.547658	1.042665	0.058639	0.005353	0.095188
28	cpt0m407-kb84-20191226-0101-e91.fits	58844.550072	1.021842	0.057468	0.005754	0.102304
29	cpt0m407-kb84-20191226-0102-e91.fits	58844.552487	1.030609	0.057961	0.004999	0.088893
30	cpt0m407-kb84-20191226-0103-e91.fits	58844.554901	1.222748	0.068767	0.004107	0.073023
31	cpt0m407-kb84-20191228-0074-e91.fits	58846.334972	1.127873	0.063431	0.001129	0.020071
32	cpt0m407-kb84-20191228-0075-e91.fits	58846.337387	1.124706	0.063253	0.001254	0.022305
33	cpt0m407-kb84-20191228-0076-e91.fits	58846.339802	1.146482	0.064478	0.001628	0.028942
34	cpt0m407-kb84-20191228-0077-e91.fits	58846.342218	1.077258	0.060585	0.001238	0.022017
35	cpt0m407-kb84-20191228-0078-e91.fits	58846.344677	1.093865	0.061519	0.001103	0.019608
36	cpt0m407-kb84-20191228-0079-e91.fits	58846.347091	1.094881	0.061576	0.000976	0.017351
37	cpt0m407-kb84-20191228-0080-e91.fits	58846.349506	1.079345	0.060702	0.001549	0.027548
38	cpt0m407-kb84-20191228-0081-e91.fits	58846.351970	0.981879	0.055221	0.003157	0.056131
39	cpt0m407-kb84-20191228-0082-e91.fits	58846.354384	1.129727	0.063536	0.000951	0.016911
40	cpt0m407-kb84-20191228-0083-e91.fits	58846.356798	1.117042	0.062822	0.001501	0.026687
41	cpt0m407-kb84-20191230-0173-e91.fits	58848.350928	1.038833	0.058424	0.001162	0.020666
42	cpt0m407-kb84-20191230-0174-e91.fits	58848.353539	1.025220	0.057658	0.001169	0.020777
43	cpt0m407-kb84-20191230-0175-e91.fits	58848.355965	1.033617	0.058130	0.001161	0.020641
44	cpt0m407-kb84-20191230-0176-e91.fits	58848.358413	1.027638	0.057794	0.001176	0.020917
45	cpt0m407-kb84-20191230-0177-e91.fits	58848.360837	1.024590	0.057623	0.001194	0.021233
46	cpt0m407-kb84-20191230-0178-e91.fits	58848.363304	1.012895	0.056965	0.001107	0.019676
47	cpt0m407-kb84-20191230-0179-e91.fits	58848.365717	1.013151	0.056979	0.001153	0.020507
48	cpt0m407-kb84-20191230-0180-e91.fits	58848.368163	1.022725	0.057518	0.001192	0.021194
49	cpt0m407-kb84-20191230-0181-e91.fits	58848.370577	1.018270	0.057267	0.001192	0.021201
50	cpt0m407-kb84-20191230-0182-e91.fits	58848.372991	1.009815	0.056792	0.001132	0.020129
51	cpt0m407-kb84-20191231-0073-e91.fits	58849.414266	0.828632	0.046602	0.001164	0.020695
52	cpt0m407-kb84-20191231-0074-e91.fits	58849.416703	0.873614	0.049132	0.001076	0.019137
53	cpt0m407-kb84-20191231-0075-e91.fits	58849.419116	0.834296	0.046921	0.001152	0.020484
54	cpt0m407-kb84-20191231-0076-e91.fits	58849.421529	0.828344	0.046586	0.001229	0.021855
55	cpt0m407-kb84-20191231-0077-e91.fits	58849.423990	0.835485	0.046988	0.001167	0.020749
56	cpt0m407-kb84-20191231-0078-e91.fits	58849.426403	0.853635	0.048008	0.001133	0.020152
57	cpt0m407-kb84-20191231-0079-e91.fits	58849.428820	0.829275	0.046638	0.001262	0.022440
58	cpt0m407-kb84-20191231-0080-e91.fits	58849.431282	0.832306	0.046809	0.001299	0.023104
59	cpt0m407-kb84-20191231-0081-e91.fits	58849.433696	0.837545	0.047103	0.001119	0.019895
60	cpt0m407-kb84-20191231-0082-e91.fits	58849.436109	0.813619	0.045758	0.001274	0.022649
61	cpt0m407-kb84-20200101-0070-e91.fits	58850.293694	0.938042	0.052755	0.001328	0.023616
62	cpt0m407-kb84-20200101-0071-e91.fits	58850.296106	1.034273	0.058167	0.001330	0.023644
63	cpt0m407-kb84-20200101-0072-e91.fits	58850.298519	1.004532	0.056495	0.001301	0.023130
64	cpt0m407-kb84-20200101-0073-e91.fits	58850.300932	0.967891	0.054434	0.001306	0.023226
65	cpt0m407-kb84-20200101-0074-e91.fits	58850.303380	0.974014	0.054778	0.001257	0.022353
66	cpt0m407-kb84-20200101-0075-e91.fits	58850.305793	0.983649	0.055320	0.001204	0.021412
67	cpt0m407-kb84-20200101-0076-e91.fits	58850.308206	0.972716	0.054705	0.001239	0.022031
68	cpt0m407-kb84-20200101-0077-e91.fits	58850.310619	0.949738	0.053413	0.001360	0.024186
69	cpt0m407-kb84-20200101-0078-e91.fits	58850.313031	0.951066	0.053488	0.001427	0.025381
70	cpt0m407-kb84-20200101-0079-e91.fits	58850.315444	0.989866	0.055670	0.001615	0.028714
71	cpt0m407-kb84-20200102-0066-e91.fits	58851.289539	0.933624	0.052507	0.001831	0.032556
72	cpt0m407-kb84-20200102-0067-e91.fits	58851.291952	0.936854	0.052689	0.001906	0.033882
73	cpt0m407-kb84-20200102-0068-e91.fits	58851.294368	0.912618	0.051325	0.001946	0.034611
74	cpt0m407-kb84-20200102-0069-e91.fits	58851.296781	0.891144	0.050118	0.002087	0.037113
75	cpt0m407-kb84-20200102-0070-e91.fits	58851.299194	0.931261	0.052374	0.002181	0.038787
76	cpt0m407-kb84-20200102-0071-e91.fits	58851.301607	0.927680	0.052173	0.002234	0.039730
77	cpt0m407-kb84-20200102-0072-e91.fits	58851.304061	0.920699	0.051780	0.001928	0.034285
78	cpt0m407-kb84-20200102-0073-e91.fits	58851.306474	0.882830	0.049650	0.001952	0.034703
79	cpt0m407-kb84-20200102-0074-e91.fits	58851.308887	0.901371	0.050693	0.002004	0.035628
80	cpt0m407-kb84-20200102-0075-e91.fits	58851.311300	0.900256	0.050630	0.002108	0.037490
81	cpt0m407-kb84-20200104-0062-e91.fits	58853.295595	0.950160	0.053437	0.001316	0.023399
82	cpt0m407-kb84-20200104-0063-e91.fits	58853.298020	0.974860	0.054826	0.000960	0.017066
83	cpt0m407-kb84-20200104-0064-e91.fits	58853.300594	0.960607	0.054024	0.000981	0.017436
84	cpt0m407-kb84-20200104-0067-e91.fits	58853.308163	0.938296	0.052770	0.001092	0.019418
85	cpt0m407-kb84-20200104-0068-e91.fits	58853.310579	0.954361	0.053673	0.001163	0.020685
86	cpt0m407-kb84-20200104-0073-e91.fits	58853.345555	0.943016	0.053035	0.001168	0.020765
87	cpt0m407-kb84-20200104-0074-e91.fits	58853.347969	0.970062	0.054556	0.001194	0.021225
88	cpt0m407-kb84-20200106-0052-e91.fits	58855.338148	1.114159	0.062660	0.001359	0.024159
89	cpt0m407-kb84-20200106-0053-e91.fits	58855.340560	1.080658	0.060776	0.001112	0.019769
90	cpt0m407-kb84-20200106-0054-e91.fits	58855.342973	1.200828	0.067534	0.002446	0.043484
91	cpt0m407-kb84-20200106-0055-e91.fits	58855.345449	1.067444	0.060033	0.001316	0.023393
92	cpt0m407-kb84-20200106-0056-e91.fits	58855.347862	1.140144	0.064122	0.001702	0.030263
93	cpt0m407-kb84-20200106-0057-e91.fits	58855.350276	1.132176	0.063673	0.001897	0.033734
94	cpt0m407-kb84-20200106-0058-e91.fits	58855.352693	1.145514	0.064424	0.001424	0.025324
95	cpt0m407-kb84-20200106-0059-e91.fits	58855.355107	1.076845	0.060562	0.001502	0.026701
96	cpt0m407-kb84-20200106-0060-e91.fits	58855.357527	1.033307	0.058113	0.001585	0.028183
97	cpt0m407-kb84-20200106-0061-e91.fits	58855.359941	1.070837	0.060224	0.001395	0.024796
