#	Label	J.D.-2400000	rel_flux_T1_n	rel_flux_T1	rel_flux_err_T1	rel_flux_err_T1_n
1	coj0m405-kb56-20191218-0122-e91.fits	58836.147930	0.968133	0.127731	0.000911	0.006901
2	coj0m405-kb56-20191218-0123-e91.fits	58836.148791	0.975103	0.128651	0.000890	0.006745
3	coj0m405-kb56-20191218-0124-e91.fits	58836.149655	0.983939	0.129816	0.000893	0.006771
4	coj0m405-kb56-20191218-0125-e91.fits	58836.150519	0.987353	0.130267	0.000919	0.006968
5	coj0m405-kb56-20191218-0126-e91.fits	58836.151384	0.979902	0.129284	0.000906	0.006870
6	coj0m405-kb56-20191218-0127-e91.fits	58836.152246	0.981143	0.129448	0.000929	0.007044
7	coj0m405-kb56-20191218-0128-e91.fits	58836.153109	0.980596	0.129375	0.000931	0.007056
8	coj0m405-kb56-20191218-0129-e91.fits	58836.153976	0.990334	0.130660	0.000943	0.007148
9	coj0m405-kb56-20191218-0130-e91.fits	58836.154840	0.969681	0.127935	0.000921	0.006978
10	coj0m405-kb56-20191218-0131-e91.fits	58836.155705	0.986658	0.130175	0.000941	0.007134
11	coj0m405-kb56-20191220-0315-e91.fits	58838.147983	1.019966	0.134570	0.000852	0.006456
12	coj0m405-kb56-20191220-0316-e91.fits	58838.148847	1.013711	0.133744	0.000845	0.006403
13	coj0m405-kb56-20191220-0317-e91.fits	58838.149712	1.019026	0.134446	0.000847	0.006422
14	coj0m405-kb56-20191220-0318-e91.fits	58838.150576	1.031723	0.136121	0.000859	0.006513
15	coj0m405-kb56-20191220-0319-e91.fits	58838.151438	1.034800	0.136527	0.000845	0.006407
16	coj0m405-kb56-20191220-0320-e91.fits	58838.152301	1.035650	0.136639	0.000854	0.006470
17	coj0m405-kb56-20191220-0321-e91.fits	58838.153165	1.022195	0.134864	0.000841	0.006374
18	coj0m405-kb56-20191220-0322-e91.fits	58838.154028	1.037672	0.136906	0.000842	0.006379
19	coj0m405-kb56-20191220-0323-e91.fits	58838.154896	1.029914	0.135882	0.000840	0.006370
20	coj0m405-kb56-20191220-0324-e91.fits	58838.155761	1.032121	0.136173	0.000847	0.006420
21	coj0m405-kb56-20191221-0358-e91.fits	58839.206958	1.052076	0.138806	0.001161	0.008800
22	coj0m405-kb56-20191221-0359-e91.fits	58839.207862	1.018691	0.134401	0.001174	0.008901
23	coj0m405-kb56-20191221-0360-e91.fits	58839.208766	1.018785	0.134414	0.001241	0.009404
24	coj0m405-kb56-20191221-0361-e91.fits	58839.209676	1.029951	0.135887	0.001210	0.009170
25	coj0m405-kb56-20191221-0362-e91.fits	58839.210572	0.999279	0.131840	0.001191	0.009023
26	coj0m405-kb56-20191221-0363-e91.fits	58839.211477	1.009671	0.133211	0.001166	0.008835
27	coj0m405-kb56-20191221-0364-e91.fits	58839.212375	1.016177	0.134070	0.001246	0.009441
28	coj0m405-kb56-20191221-0365-e91.fits	58839.213282	1.028069	0.135639	0.001168	0.008849
29	coj0m405-kb56-20191221-0366-e91.fits	58839.214188	1.029441	0.135820	0.001222	0.009262
30	coj0m405-kb56-20200103-0106-e91.fits	58852.182095	0.964282	0.127223	0.000964	0.007308
31	coj0m405-kb56-20200103-0107-e91.fits	58852.182958	0.982911	0.129681	0.000946	0.007171
32	coj0m405-kb56-20200103-0108-e91.fits	58852.183819	0.964311	0.127227	0.000903	0.006842
33	coj0m405-kb56-20200103-0109-e91.fits	58852.184681	0.976598	0.128848	0.000936	0.007096
34	coj0m405-kb56-20200103-0110-e91.fits	58852.185544	0.963029	0.127058	0.001144	0.008669
35	coj0m405-kb56-20200103-0111-e91.fits	58852.186416	1.007047	0.132865	0.001834	0.013899
36	coj0m405-kb56-20200103-0112-e91.fits	58852.187277	0.953964	0.125862	0.001726	0.013083
37	coj0m405-kb56-20200103-0113-e91.fits	58852.188140	0.969722	0.127941	0.000929	0.007040
38	coj0m405-kb56-20200103-0114-e91.fits	58852.189003	0.957751	0.126361	0.000892	0.006759
39	coj0m405-kb56-20200103-0115-e91.fits	58852.189867	0.974003	0.128506	0.000868	0.006581
