#	Label	J.D.-2400000	rel_flux_T1_n	rel_flux_T1	rel_flux_err_T1	rel_flux_err_T1_n
1	cpt0m407-kb84-20191216-0104-e91.fits	58834.408980	0.938878	0.121987	0.000738	0.005681
2	cpt0m407-kb84-20191216-0105-e91.fits	58834.409782	0.953796	0.123925	0.000716	0.005508
3	cpt0m407-kb84-20191216-0106-e91.fits	58834.410574	0.967453	0.125699	0.000715	0.005502
4	cpt0m407-kb84-20191216-0107-e91.fits	58834.411367	0.961365	0.124908	0.000723	0.005561
5	cpt0m407-kb84-20191216-0108-e91.fits	58834.412159	0.948634	0.123254	0.000739	0.005688
6	cpt0m407-kb84-20191216-0109-e91.fits	58834.412951	0.954349	0.123997	0.000740	0.005693
7	cpt0m407-kb84-20191216-0110-e91.fits	58834.413743	0.953114	0.123836	0.000745	0.005737
8	cpt0m407-kb84-20191216-0111-e91.fits	58834.414541	0.960284	0.124768	0.000753	0.005792
9	cpt0m407-kb84-20191216-0112-e91.fits	58834.415335	0.963261	0.125155	0.000756	0.005818
10	cpt0m407-kb84-20191216-0113-e91.fits	58834.416127	0.955129	0.124098	0.000762	0.005866
11	cpt0m407-kb84-20191226-0062-e91.fits	58844.474133	1.066150	0.138523	0.000785	0.006044
12	cpt0m407-kb84-20191226-0063-e91.fits	58844.474927	1.070338	0.139067	0.000775	0.005963
13	cpt0m407-kb84-20191226-0064-e91.fits	58844.475721	1.077766	0.140032	0.000782	0.006021
14	cpt0m407-kb84-20191226-0065-e91.fits	58844.476514	1.057146	0.137353	0.000779	0.005996
15	cpt0m407-kb84-20191226-0066-e91.fits	58844.477307	1.066204	0.138530	0.000792	0.006093
16	cpt0m407-kb84-20191226-0067-e91.fits	58844.478100	1.049603	0.136373	0.000810	0.006233
17	cpt0m407-kb84-20191226-0068-e91.fits	58844.478895	1.063294	0.138152	0.000807	0.006211
18	cpt0m407-kb84-20191226-0069-e91.fits	58844.479688	1.052015	0.136686	0.000811	0.006242
19	cpt0m407-kb84-20191226-0070-e91.fits	58844.480481	1.059766	0.137693	0.000828	0.006371
20	cpt0m407-kb84-20191226-0071-e91.fits	58844.481274	1.059925	0.137714	0.000843	0.006485
21	cpt0m407-kb84-20191226-0104-e91.fits	58844.556579	1.020280	0.132563	0.001497	0.011522
22	cpt0m407-kb84-20191226-0105-e91.fits	58844.557373	1.009218	0.131126	0.001399	0.010769
23	cpt0m407-kb84-20191226-0106-e91.fits	58844.558167	1.014223	0.131776	0.001334	0.010270
24	cpt0m407-kb84-20191226-0107-e91.fits	58844.558960	1.009255	0.131130	0.001275	0.009815
25	cpt0m407-kb84-20191226-0108-e91.fits	58844.559753	1.021344	0.132701	0.001277	0.009829
26	cpt0m407-kb84-20191226-0109-e91.fits	58844.560547	1.025252	0.133209	0.001230	0.009469
27	cpt0m407-kb84-20191226-0110-e91.fits	58844.561339	1.020961	0.132651	0.001179	0.009072
28	cpt0m407-kb84-20191226-0111-e91.fits	58844.562134	1.035037	0.134480	0.001132	0.008714
29	cpt0m407-kb84-20191226-0112-e91.fits	58844.562928	1.030030	0.133830	0.001090	0.008387
30	cpt0m407-kb84-20191226-0113-e91.fits	58844.563721	1.025880	0.133291	0.001006	0.007739
31	cpt0m407-kb84-20191228-0154-e91.fits	58846.555500	1.059483	0.137657	0.000563	0.004334
32	cpt0m407-kb84-20191228-0155-e91.fits	58846.556294	1.058413	0.137518	0.000570	0.004391
33	cpt0m407-kb84-20191228-0156-e91.fits	58846.557088	1.062959	0.138108	0.000567	0.004361
34	cpt0m407-kb84-20191228-0157-e91.fits	58846.557882	1.071206	0.139180	0.000585	0.004504
35	cpt0m407-kb84-20191228-0158-e91.fits	58846.558676	1.055489	0.137138	0.000602	0.004630
36	cpt0m407-kb84-20191228-0159-e91.fits	58846.559469	1.060138	0.137742	0.000598	0.004600
37	cpt0m407-kb84-20191228-0160-e91.fits	58846.560267	1.051138	0.136572	0.000625	0.004812
38	cpt0m407-kb84-20191228-0161-e91.fits	58846.561060	1.045633	0.135857	0.000655	0.005041
39	cpt0m407-kb84-20191228-0162-e91.fits	58846.561853	1.054502	0.137009	0.000612	0.004713
40	cpt0m407-kb84-20191228-0163-e91.fits	58846.562646	1.068629	0.138845	0.000591	0.004545
41	cpt0m407-kb84-20191230-0183-e91.fits	58848.374707	1.039402	0.135047	0.000624	0.004805
42	cpt0m407-kb84-20191230-0184-e91.fits	58848.375570	1.040029	0.135129	0.000619	0.004766
43	cpt0m407-kb84-20191230-0185-e91.fits	58848.376376	1.065862	0.138485	0.000617	0.004752
44	cpt0m407-kb84-20191230-0186-e91.fits	58848.377170	1.043327	0.135557	0.000616	0.004740
45	cpt0m407-kb84-20191230-0187-e91.fits	58848.377983	1.049879	0.136409	0.000603	0.004642
46	cpt0m407-kb84-20191230-0188-e91.fits	58848.378776	1.046096	0.135917	0.000601	0.004629
47	cpt0m407-kb84-20191230-0189-e91.fits	58848.379569	1.043922	0.135635	0.000611	0.004699
48	cpt0m407-kb84-20191230-0190-e91.fits	58848.380381	1.036816	0.134712	0.000612	0.004712
49	cpt0m407-kb84-20191230-0191-e91.fits	58848.381177	1.043773	0.135615	0.000618	0.004758
50	cpt0m407-kb84-20191230-0192-e91.fits	58848.381976	1.044896	0.135761	0.000627	0.004822
51	cpt0m407-kb84-20191231-0083-e91.fits	58849.437781	0.935773	0.121583	0.000683	0.005255
52	cpt0m407-kb84-20191231-0084-e91.fits	58849.438572	0.939753	0.122100	0.000634	0.004881
53	cpt0m407-kb84-20191231-0085-e91.fits	58849.439371	0.945577	0.122857	0.000597	0.004594
54	cpt0m407-kb84-20191231-0086-e91.fits	58849.440163	0.940707	0.122224	0.000608	0.004677
55	cpt0m407-kb84-20191231-0087-e91.fits	58849.440957	0.944540	0.122722	0.000604	0.004648
56	cpt0m407-kb84-20191231-0088-e91.fits	58849.441751	0.935053	0.121490	0.000605	0.004656
57	cpt0m407-kb84-20191231-0089-e91.fits	58849.442543	0.934553	0.121425	0.000627	0.004823
58	cpt0m407-kb84-20191231-0090-e91.fits	58849.443335	0.945553	0.122854	0.000612	0.004709
59	cpt0m407-kb84-20191231-0091-e91.fits	58849.444132	0.942580	0.122468	0.000578	0.004447
60	cpt0m407-kb84-20191231-0092-e91.fits	58849.444925	0.954035	0.123956	0.000572	0.004406
61	cpt0m407-kb84-20200101-0080-e91.fits	58850.317239	0.969986	0.126028	0.000654	0.005030
62	cpt0m407-kb84-20200101-0081-e91.fits	58850.318040	0.978793	0.127173	0.000674	0.005186
63	cpt0m407-kb84-20200101-0082-e91.fits	58850.318832	0.977412	0.126993	0.000668	0.005142
64	cpt0m407-kb84-20200101-0083-e91.fits	58850.319624	0.977477	0.127002	0.000649	0.004995
65	cpt0m407-kb84-20200101-0084-e91.fits	58850.320416	0.988089	0.128380	0.000679	0.005224
66	cpt0m407-kb84-20200101-0085-e91.fits	58850.321211	0.962521	0.125058	0.000674	0.005188
67	cpt0m407-kb84-20200101-0086-e91.fits	58850.322005	0.973813	0.126526	0.000696	0.005358
68	cpt0m407-kb84-20200101-0087-e91.fits	58850.322798	0.977899	0.127056	0.000690	0.005314
69	cpt0m407-kb84-20200101-0088-e91.fits	58850.323637	0.970253	0.126063	0.000669	0.005152
70	cpt0m407-kb84-20200101-0089-e91.fits	58850.324428	0.973558	0.126493	0.000633	0.004868
71	cpt0m407-kb84-20200102-0076-e91.fits	58851.312979	0.895221	0.116314	0.001017	0.007825
72	cpt0m407-kb84-20200102-0077-e91.fits	58851.313771	0.893243	0.116057	0.001021	0.007860
73	cpt0m407-kb84-20200102-0078-e91.fits	58851.314563	0.899115	0.116820	0.001046	0.008050
74	cpt0m407-kb84-20200102-0079-e91.fits	58851.315354	0.906962	0.117840	0.001021	0.007859
75	cpt0m407-kb84-20200102-0080-e91.fits	58851.316146	0.889805	0.115611	0.001024	0.007878
76	cpt0m407-kb84-20200102-0081-e91.fits	58851.316938	0.899036	0.116810	0.001011	0.007782
77	cpt0m407-kb84-20200102-0082-e91.fits	58851.317730	0.897315	0.116586	0.001036	0.007975
78	cpt0m407-kb84-20200102-0083-e91.fits	58851.318522	0.890833	0.115744	0.001030	0.007925
79	cpt0m407-kb84-20200102-0084-e91.fits	58851.319314	0.894570	0.116230	0.001034	0.007957
80	cpt0m407-kb84-20200102-0085-e91.fits	58851.320109	0.902631	0.117277	0.001040	0.008003
81	cpt0m407-kb84-20200104-0083-e91.fits	58853.369292	0.976688	0.126899	0.000603	0.004643
82	cpt0m407-kb84-20200104-0084-e91.fits	58853.370085	0.983729	0.127814	0.000603	0.004640
83	cpt0m407-kb84-20200104-0085-e91.fits	58853.370878	0.972627	0.126372	0.000605	0.004654
84	cpt0m407-kb84-20200104-0086-e91.fits	58853.371671	0.972259	0.126324	0.000607	0.004673
85	cpt0m407-kb84-20200104-0087-e91.fits	58853.372467	0.981091	0.127471	0.000582	0.004480
86	cpt0m407-kb84-20200104-0088-e91.fits	58853.373259	0.977561	0.127013	0.000577	0.004443
87	cpt0m407-kb84-20200104-0089-e91.fits	58853.374053	0.978664	0.127156	0.000585	0.004503
88	cpt0m407-kb84-20200104-0090-e91.fits	58853.374846	0.978466	0.127130	0.000578	0.004445
89	cpt0m407-kb84-20200104-0091-e91.fits	58853.375640	0.983469	0.127780	0.000590	0.004539
90	cpt0m407-kb84-20200104-0092-e91.fits	58853.376433	0.982689	0.127679	0.000590	0.004540
91	cpt0m407-kb84-20200106-0062-e91.fits	58855.361728	1.039240	0.135026	0.000745	0.005738
92	cpt0m407-kb84-20200106-0063-e91.fits	58855.362521	1.043151	0.135535	0.000761	0.005859
93	cpt0m407-kb84-20200106-0064-e91.fits	58855.363313	1.046563	0.135978	0.000737	0.005673
94	cpt0m407-kb84-20200106-0065-e91.fits	58855.364106	1.043867	0.135628	0.000871	0.006706
95	cpt0m407-kb84-20200106-0066-e91.fits	58855.364899	1.033435	0.134272	0.000945	0.007271
96	cpt0m407-kb84-20200106-0067-e91.fits	58855.365691	1.052053	0.136691	0.001119	0.008609
97	cpt0m407-kb84-20200106-0068-e91.fits	58855.366484	1.042289	0.135423	0.000834	0.006416
98	cpt0m407-kb84-20200106-0069-e91.fits	58855.367277	1.055877	0.137188	0.000809	0.006226
